==========================================================================================
TABLAS COMPARATIVAS PARA: output_2.txt
==========================================================================================

Tabla 1. n(t): Runge-Kutta vs SciPy/Numpy
-----------------------------------------
   t                                Runge-Kutta                 Metodo propio / referencia      APE (%)
   0                               2500000000.0                               2500000000.0     2.00e-14
   1          2638746033.0959960591315136736263                             2638746033.096     1.38e-13
   2          2833564263.2399389103236681537122                          2833564263.239943     1.62e-13
   3          3059415272.4138040948705079514538                          3059415272.413806     6.23e-14
   4          3323804585.5673728129548852239184                          3323804585.567366     2.17e-13
   5          3637232497.1492549498120736753669                          3637232497.149264     2.57e-13
   6          4014285080.5489487962984415067835                          4014285080.548952     6.98e-14
   7          4475763841.3801622381249815325007                          4475763841.380193     6.83e-13
   8          5052259076.7841219592545508107039                          5052259076.784139     3.31e-13
   9          5790396831.7996530966183920549511                          5790396831.799657     6.57e-14
  10          6764302996.4769759581016662017838                          6764302996.476975     8.25e-15
  11          8097858878.2014916451252181612351                          8097858878.201161     4.08e-12
  12          10010831959.365524424492616250568                          10010831959.36552     4.42e-14
  13          12922112589.244348194654360721257                          12922112589.24436     1.07e-13
  14          17702501484.581389094252176802944                          17702501484.58142     1.58e-13
  15          26362733951.200494312835803274067                          26362733951.20056     2.42e-13
  16          44173543018.879936782210312158666                          44173543018.88006     2.74e-13
  17           87217265146.87391602209717189041                          87217265146.87401     1.05e-13
  18           214201033069.9987238837395673688                          214201033070.0322     1.56e-11
  19           688824236277.5570418660113280762                          688824236277.5642     1.04e-12
  20          3008180437997.9538242758295401843                          3008180437997.972     6.11e-13


Tabla 2. n(t): Runge-Kutta vs metodo propio con mpmath
------------------------------------------------------
   t                                Runge-Kutta                 Metodo propio / referencia      APE (%)
   0                               2500000000.0                               2500000000.0          0.0
   1          2638746033.0959960591315136736263          2638746033.0959960580177712969034   4.2207e-17
   2          2833564263.2399389103236681537122          2833564263.2399389097164760366796   2.1429e-17
   3          3059415272.4138040948705079514538          3059415272.4138040942344597579572   2.0790e-17
   4          3323804585.5673728129548852239184           3323804585.567372812276059771979   2.0423e-17
   5          3637232497.1492549498120736753669          3637232497.1492549490856505846089   1.9972e-17
   6          4014285080.5489487962984415067835          4014285080.5489487955195878751829   1.9402e-17
   7          4475763841.3801622381249815325007          4475763841.3801622372891225006279   1.8675e-17
   8          5052259076.7841219592545508107039          5052259076.7841219583583278586825   1.7739e-17
   9          5790396831.7996530966183920549511          5790396831.7996530956616465849443   1.6523e-17
  10          6764302996.4769759581016662017838          6764302996.4769759570914129832316   1.4935e-17
  11          8097858878.2014916451252181612351          8097858878.2014916440833774232731   1.2866e-17
  12          10010831959.365524424492616250568          10010831959.365524423470278699727   1.0212e-17
  13          12922112589.244348194654360721257          12922112589.244348193754753968494   6.9618e-18
  14          17702501484.581389094252176802944          17702501484.581389093652949487045   3.3850e-18
  15          26362733951.200494312835803274067          26362733951.200494312749368720874   3.2787e-19
  16          44173543018.879936782210312158666          44173543018.879936782700943483493   1.1107e-18
  17           87217265146.87391602209717189041          87217265146.873916025710684114262   4.1431e-18
  18           214201033069.9987238837395673688          214201033069.99872396101116297552   3.6074e-17
  19           688824236277.5570418660113280762           688824236277.5570432575691474178   2.0202e-16
  20          3008180437997.9538242758295401843          3008180437997.9538478831972093057   7.8477e-16


Tabla 3. C(t): Runge-Kutta vs metodo propio con SciPy/Numpy
-----------------------------------------------------------
   t                                Runge-Kutta                 Metodo propio / referencia      APE (%)
   0                           12500000000000.0                           12500000000000.0          0.0
   1          12500289335951.206285767936710687                          12500289343481.44      6.02e-8
   2          12501457469462.631328164792901219                           12501457478198.8      6.99e-8
   3          12503673172204.801119189928530276                          12503673182379.61      8.14e-8
   4          12507107948408.487890684717338247                          12507107960395.95      9.58e-8
   5          12511978033627.658360773106475461                          12511978047941.12      1.14e-7
   6          12518561451951.518898193636816244                          12518561469312.23      1.39e-7
   7          12527223253081.776624982916879334                          12527223274532.14      1.71e-7
   8          12538454624458.772239019174899426                          12538454651555.64      2.16e-7
   9          12552935795825.577285476573251161                          12552935830985.24      2.80e-7
  10          12571641642258.784508980364924683                          12571641689405.17      3.75e-7
  11          12596028076646.266176323226352003                          12596028142504.03      5.23e-7
  12          12628381007432.822091901672191441                          12628381104293.18      7.67e-7
  13          12672516833008.342294864641594006                          12672516985147.35      1.20e-6
  14          12735310200812.511116924165362911                          12735310460879.26      2.04e-6
  15          12830372424240.798631551146302964                          12830372920063.44      3.86e-6
  16          12988016763920.771236946034722297                          12988017850889.75      8.37e-6
  17          13286314538358.393106309450226561                          13286317376986.23      2.14e-5
  18          13965225171470.032346861133911484                          13965234334355.68      6.56e-5
  19          15934464432495.633869220754044307                          15934502249000.78      2.37e-4
  20          23584059583078.053469815535571984                          23584264581688.02      8.69e-4


Tabla 4. n(t): Runge-Kutta vs SciPy/Numpy, tiempos pares
--------------------------------------------------------
   t                                Runge-Kutta                 Metodo propio / referencia      APE (%)
   0                               2500000000.0                               2500000000.0     2.00e-14
   2          2833564263.2399389103236681537122                          2833564263.239943     1.62e-13
   4          3323804585.5673728129548852239184                          3323804585.567366     2.17e-13
   6          4014285080.5489487962984415067835                          4014285080.548952     6.98e-14
   8          5052259076.7841219592545508107039                          5052259076.784139     3.31e-13
  10          6764302996.4769759581016662017838                          6764302996.476975     8.25e-15
  12          10010831959.365524424492616250568                          10010831959.36552     4.42e-14
  14          17702501484.581389094252176802944                          17702501484.58142     1.58e-13
  16          44173543018.879936782210312158666                          44173543018.88006     2.74e-13
  18           214201033069.9987238837395673688                          214201033070.0322     1.56e-11
  20          3008180437997.9538242758295401843                          3008180437997.972     6.11e-13


Tabla 5. n(t): Runge-Kutta vs metodo propio con mpmath, tiempos pares
---------------------------------------------------------------------
   t                                Runge-Kutta                 Metodo propio / referencia      APE (%)
   0                               2500000000.0                               2500000000.0          0.0
   2          2833564263.2399389103236681537122          2833564263.2399389097164760366796   2.1429e-17
   4          3323804585.5673728129548852239184           3323804585.567372812276059771979   2.0423e-17
   6          4014285080.5489487962984415067835          4014285080.5489487955195878751829   1.9402e-17
   8          5052259076.7841219592545508107039          5052259076.7841219583583278586825   1.7739e-17
  10          6764302996.4769759581016662017838          6764302996.4769759570914129832316   1.4935e-17
  12          10010831959.365524424492616250568          10010831959.365524423470278699727   1.0212e-17
  14          17702501484.581389094252176802944          17702501484.581389093652949487045   3.3850e-18
  16          44173543018.879936782210312158666          44173543018.879936782700943483493   1.1107e-18
  18           214201033069.9987238837395673688          214201033069.99872396101116297552   3.6074e-17
  20          3008180437997.9538242758295401843          3008180437997.9538478831972093057   7.8477e-16


Tabla 6. C(t): Runge-Kutta vs metodo propio con SciPy/Numpy, tiempos pares
--------------------------------------------------------------------------
   t                                Runge-Kutta                 Metodo propio / referencia      APE (%)
   0                           12500000000000.0                           12500000000000.0          0.0
   2          12501457469462.631328164792901219                           12501457478198.8      6.99e-8
   4          12507107948408.487890684717338247                          12507107960395.95      9.58e-8
   6          12518561451951.518898193636816244                          12518561469312.23      1.39e-7
   8          12538454624458.772239019174899426                          12538454651555.64      2.16e-7
  10          12571641642258.784508980364924683                          12571641689405.17      3.75e-7
  12          12628381007432.822091901672191441                          12628381104293.18      7.67e-7
  14          12735310200812.511116924165362911                          12735310460879.26      2.04e-6
  16          12988016763920.771236946034722297                          12988017850889.75      8.37e-6
  18          13965225171470.032346861133911484                          13965234334355.68      6.56e-5
  20          23584059583078.053469815535571984                          23584264581688.02      8.69e-4


