# t	 n(t)
0	2.5000000000000005e+09
1	2.5267887226972904e+09
2	2.5609273921924043e+09
3	2.5960780752049847e+09
4	2.6322393241643147e+09
5	2.6694543073567228e+09
6	2.7077690024560738e+09
7	2.7472320795016532e+09
8	2.7878950968919630e+09
9	2.8298127173370323e+09
10	2.8730429433859382e+09
11	2.9176473746005774e+09
12	2.9636914887168775e+09
13	3.0112449494311032e+09
14	3.0603819437878766e+09
15	3.1111815525187526e+09
16	3.1637281571319847e+09
17	3.2181118880518336e+09
18	3.2744291186898956e+09
19	3.3327830110019388e+09
20	3.3932841188598328e+09

# n(t)
2500000000.0000000000000000000000
2638746033.0959960591315136736263
2833564263.2399389103236681537122
3059415272.4138040948705079514538
3323804585.5673728129548852239184
3637232497.1492549498120736753669
4014285080.5489487962984415067835
4475763841.3801622381249815325007
5052259076.7841219592545508107039
5790396831.7996530966183920549511
6764302996.4769759581016662017838
8097858878.2014916451252181612351
10010831959.365524424492616250568
12922112589.244348194654360721257
17702501484.581389094252176802944
26362733951.200494312835803274067
44173543018.879936782210312158666
87217265146.873916022097171890410
214201033069.99872388373956736880
688824236277.55704186601132807620
3008180437997.9538242758295401843

# C(t)
12500000000000.000000000000000000
12500289335951.206285767936710687
12501457469462.631328164792901219
12503673172204.801119189928530276
12507107948408.487890684717338247
12511978033627.658360773106475461
12518561451951.518898193636816244
12527223253081.776624982916879334
12538454624458.772239019174899426
12552935795825.577285476573251161
12571641642258.784508980364924683
12596028076646.266176323226352003
12628381007432.822091901672191441
12672516833008.342294864641594006
12735310200812.511116924165362911
12830372424240.798631551146302964
12988016763920.771236946034722297
13286314538358.393106309450226561
13965225171470.032346861133911484
15934464432495.633869220754044307
23584059583078.053469815535571984

# t	 n(t)
0	2500000000.0
1	2526788722.6972870150205111049081
2	2560927392.1924024518191192285471
3	2596078075.2049810376960129850637
4	2632239324.1643082501101066841395
5	2669454307.3567170253495726905141
6	2707769002.4560706676252556840755
7	2747232079.5016522491465324964825
8	2787895096.8919620346813752755236
9	2829812717.3368721554720155803895
10	2873042943.3857724452821800071056
11	2917647374.6004032285893213681673
12	2963691488.7163517961815960408359
13	3011244949.4305866123728274994893
14	3060381943.7873705768535711296736
15	3111181552.5182582701366406081969
16	3163728157.1315028701771681611874
17	3218111888.0513562516410383494168
18	3274429118.6894245224906595192734
19	3332783011.0014742021260300584902
20	3393284118.8593764226660771841286

# t	C(t)
0	1.2500000000000000e+13
1	1.2500056628868027e+13
2	1.2500275305912061e+13
3	1.2500666950442125e+13
4	1.2501236377525254e+13
5	1.2501988566187645e+13
6	1.2502928713618092e+13
7	1.2504062248237283e+13
8	1.2505394843401168e+13
9	1.2506932432122648e+13
10	1.2508681222905926e+13
11	1.2510647716795215e+13
12	1.2512838725750602e+13
13	1.2515261392475977e+13
14	1.2517923211837996e+13
15	1.2520832054030594e+13
16	1.2523996189657277e+13
17	1.2527424316923459e+13
18	1.2531125591153828e+13
19	1.2535109656875531e+13
20	1.2539386682737393e+13
